2020 10 01 00 00 00 23773.506   228.549 41840.909  41.88  31.35   147.730  -104.576   198.558    25.659 12.98 2203.0 3404.83786 N 10712.84430 W 12 2 0
2020 10 01 00 00 01 23773.613   228.540 41840.909  41.87  31.35   147.473  -104.571   198.300    25.664 12.99 2203.0 3404.83784 N 10712.84429 W 12 2 0
2020 10 01 00 00 02 23773.731   228.569 41840.894  41.89  31.35   147.115  -104.671   197.937    25.564 12.99 2202.9 3404.83782 N 10712.84428 W 12 2 0
2020 10 01 00 00 03 23773.826   228.568 41840.909  41.85  31.35   146.756  -104.860   197.571    25.375 12.99 2202.8 3404.83780 N 10712.84428 W 12 2 0
2020 10 01 00 00 04 23773.895   228.596 41840.886  41.89  31.35   146.292  -105.113   197.099    25.113 12.99 2202.9 3404.83780 N 10712.84428 W 12 2 0
2020 10 01 00 00 05 23773.973   228.637 41840.902  41.87  31.35   145.822  -105.418   196.618    24.806 12.99 2202.9 3404.83778 N 10712.84427 W 12 2 0
2020 10 01 00 00 06 23773.994   228.668 41840.937  41.87  31.35   145.317  -105.803   196.098    24.415 12.99 2202.9 3404.83777 N 10712.84428 W 12 2 0
2020 10 01 00 00 07 23774.008   228.698 41840.921  41.86  31.35   144.892  -106.254   195.659    23.961 12.99 2202.9 3404.83776 N 10712.84428 W 12 2 0
2020 10 01 00 00 08 23774.000   228.747 41840.913  41.89  31.35   144.587  -106.599   195.345    23.612 12.98 2202.9 3404.83775 N 10712.84428 W 12 2 0
2020 10 01 00 00 09 23774.008   228.782 41840.948  41.88  31.35   144.353  -106.972   195.101    23.236 12.98 2202.8 3404.83774 N 10712.84428 W 12 2 0
2020 10 01 00 00 10 23773.998   228.801 41840.945  41.86  31.35   144.164  -107.257   194.905    22.954 12.99 2202.8 3404.83775 N 10712.84429 W 12 2 0
2020 10 01 00 00 11 23773.955   228.813 41840.960  41.89  31.35   144.102  -107.544   194.837    22.664 12.99 2202.8 3404.83775 N 10712.84431 W 12 2 0
2020 10 01 00 00 12 23773.930   228.833 41840.956  41.85  31.35   144.115  -107.692   194.849    22.518 12.99 2202.8 3404.83776 N 10712.84432 W 12 2 0
2020 10 01 00 00 13 23773.900   228.871 41840.956  41.85  31.35   144.164  -107.757   194.900    22.451 12.99 2202.7 3404.83778 N 10712.84434 W 12 2 0
2020 10 01 00 00 14 23773.842   228.893 41840.937  41.85  31.35   144.209  -107.838   194.945    22.373 12.99 2202.7 3404.83779 N 10712.84435 W 12 2 0
2020 10 01 00 00 15 23773.820   228.911 41840.948  41.85  31.35   144.382  -107.854   195.120    22.359 12.99 2202.7 3404.83779 N 10712.84436 W 12 2 0
2020 10 01 00 00 16 23773.781   228.929 41840.952  41.83  31.35   144.515  -107.792   195.260    22.423 12.99 2202.7 3404.83779 N 10712.84439 W 12 2 0
2020 10 01 00 00 17 23773.760   228.941 41840.945  41.83  31.35   144.594  -107.784   195.341    22.435 12.99 2202.8 3404.83782 N 10712.84442 W 12 2 0
2020 10 01 00 00 18 23773.723   228.959 41840.937  41.85  31.35   144.651  -107.717   195.403    22.502 12.98 2202.8 3404.83783 N 10712.84445 W 12 2 0
2020 10 01 00 00 19 23773.723   228.976 41840.941  41.83  31.35   144.725  -107.773   195.479    22.445 12.98 2202.8 3404.83786 N 10712.84447 W 12 2 0
2020 10 01 00 00 20 23773.676   229.014 41840.933  41.82  31.35   144.767  -107.803   195.521    22.418 12.99 2202.8 3404.83787 N 10712.84447 W 12 2 0
2020 10 01 00 00 21 23773.664   229.060 41840.948  41.84  31.35   144.773  -107.807   195.526    22.412 12.99 2202.7 3404.83791 N 10712.84448 W 12 2 0
2020 10 01 00 00 22 23773.639   229.082 41840.964  41.88  31.35   144.749  -107.859   195.502    22.360 12.99 2202.7 3404.83795 N 10712.84451 W 12 2 0
2020 10 01 00 00 23 23773.613   229.100 41840.964  41.85  31.35   144.738  -107.892   195.491    22.325 12.99 2202.7 3404.83798 N 10712.84453 W 12 2 0
2020 10 01 00 00 24 23773.586   229.129 41840.976  41.84  31.35   144.753  -107.883   195.507    22.335 12.99 2202.7 3404.83801 N 10712.84456 W 12 2 0
2020 10 01 00 00 25 23773.568   229.132 41840.964  41.85  31.35   144.696  -107.884   195.447    22.333 12.99 2202.7 3404.83804 N 10712.84459 W 12 2 0
2020 10 01 00 00 26 23773.539   229.153 41840.937  41.85  31.35   144.768  -107.849   195.518    22.370 12.99 2202.7 3404.83807 N 10712.84462 W 12 2 0
2020 10 01 00 00 27 23773.504   229.210 41840.964  41.92  31.35   144.666  -107.931   195.414    22.288 12.99 2202.6 3404.83810 N 10712.84464 W 12 2 0
2020 10 01 00 00 28 23773.481   229.213 41840.972  41.85  31.35   144.802  -107.880   195.551    22.342 12.98 2202.6 3404.83812 N 10712.84467 W 12 2 0
2020 10 01 00 00 29 23773.465   229.238 41840.937  41.85  31.35   145.047  -107.743   195.803    22.481 12.98 2202.6 3404.83815 N 10712.84469 W 12 2 0
2020 10 01 00 00 30 23773.451   229.221 41840.956  41.86  31.35   145.327  -107.552   196.090    22.674 12.99 2202.5 3404.83818 N 10712.84472 W 12 2 0
2020 10 01 00 00 31 23773.467   229.240 41840.960  41.86  31.35   145.676  -107.292   196.443    22.936 12.99 2202.4 3404.83821 N 10712.84475 W 12 2 0
2020 10 01 00 00 32 23773.523   229.226 41840.929  41.85  31.35   146.123  -106.914   196.902    23.317 12.99 2202.4 3404.83825 N 10712.84478 W 12 2 0
2020 10 01 00 00 33 23773.566   229.194 41840.937  41.85  31.35   146.524  -106.483   197.313    23.754 12.99 2202.4 3404.83828 N 10712.84482 W 12 2 0
2020 10 01 00 00 34 23773.625   229.192 41840.933  41.85  31.35   146.736  -106.071   197.538    24.170 12.99 2202.3 3404.83832 N 10712.84485 W 12 2 0
2020 10 01 00 00 35 23773.701   229.195 41840.894  41.80  31.35   146.814  -105.744   197.623    24.494 12.99 2202.3 3404.83835 N 10712.84489 W 12 2 0
2020 10 01 00 00 36 23773.801   229.179 41840.898  41.86  31.35   146.715  -105.450   197.532    24.783 12.99 2202.2 3404.83839 N 10712.84493 W 12 2 0
2020 10 01 00 00 37 23773.902   229.201 41840.882  41.85  31.34   146.486  -105.197   197.303    25.036 12.99 2202.1 3404.83842 N 10712.84497 W 12 2 0
2020 10 01 00 00 38 23774.012   229.229 41840.894  41.82  31.34   146.400  -105.090   197.220    25.142 12.98 2202.0 3404.83845 N 10712.84501 W 12 2 0
2020 10 01 00 00 39 23774.080   229.248 41840.874  41.82  31.34   146.179  -105.095   196.997    25.135 12.98 2202.0 3404.83847 N 10712.84504 W 12 2 0
2020 10 01 00 00 40 23774.158   229.250 41840.878  41.87  31.34   145.946  -105.212   196.758    25.018 12.99 2201.9 3404.83849 N 10712.84506 W 12 2 0
2020 10 01 00 00 41 23774.225   229.298 41840.855  41.83  31.34   145.789  -105.214   196.598    25.015 12.99 2201.9 3404.83851 N 10712.84508 W 12 2 0
2020 10 01 00 00 42 23774.299   229.314 41840.878  41.84  31.34   145.514  -105.368   196.316    24.856 12.99 2201.8 3404.83853 N 10712.84509 W 12 2 0
2020 10 01 00 00 43 23774.359   229.368 41840.874  41.84  31.34   145.120  -105.585   195.912    24.638 12.99 2201.8 3404.83855 N 10712.84510 W 12 2 0
2020 10 01 00 00 44 23774.410   229.376 41840.859  41.83  31.34   144.759  -106.099   195.535    24.118 12.99 2201.8 3404.83857 N 10712.84511 W 12 2 0
2020 10 01 00 00 45 23774.402   229.420 41840.874  41.85  31.34   144.286  -106.550   195.048    23.662 12.99 2201.8 3404.83858 N 10712.84513 W 12 2 0
2020 10 01 00 00 46 23774.375   229.454 41840.886  41.85  31.34   144.051  -107.019   194.800    23.194 12.99 2201.8 3404.83860 N 10712.84514 W 12 2 0
2020 10 01 00 00 47 23774.330   229.479 41840.909  41.84  31.34   143.673  -107.528   194.402    22.680 12.99 2201.7 3404.83862 N 10712.84515 W 12 2 0
2020 10 01 00 00 48 23774.268   229.499 41840.929  41.87  31.34   143.342  -108.057   194.057    22.147 12.98 2201.7 3404.83863 N 10712.84517 W 12 2 0
2020 10 01 00 00 49 23774.184   229.531 41840.925  41.82  31.34   143.084  -108.544   193.783    21.658 12.98 2201.7 3404.83864 N 10712.84518 W 12 2 0
2020 10 01 00 00 50 23774.072   229.565 41840.925  41.83  31.34   142.942  -108.994   193.632    21.208 12.99 2201.6 3404.83865 N 10712.84520 W 12 2 0
2020 10 01 00 00 51 23773.979   229.590 41840.937  41.84  31.34   142.859  -109.333   193.539    20.869 12.99 2201.6 3404.83867 N 10712.84521 W 12 2 0
2020 10 01 00 00 52 23773.857   229.611 41840.941  41.83  31.34   142.830  -109.537   193.505    20.664 12.99 2201.6 3404.83868 N 10712.84523 W 12 2 0
2020 10 01 00 00 53 23773.748   229.619 41840.937  41.84  31.34   142.991  -109.690   193.665    20.512 12.99 2201.6 3404.83868 N 10712.84524 W 12 2 0
2020 10 01 00 00 54 23773.639   229.630 41840.941  41.85  31.34   143.293  -109.680   193.972    20.527 12.99 2201.6 3404.83867 N 10712.84525 W 12 2 0
2020 10 01 00 00 55 23773.537   229.643 41840.960  41.84  31.34   143.716  -109.494   194.404    20.718 12.99 2201.7 3404.83867 N 10712.84525 W 12 2 0
2020 10 01 00 00 56 23773.477   229.627 41840.945  41.85  31.34   144.236  -109.260   194.934    20.958 12.99 2201.7 3404.83867 N 10712.84526 W 12 2 0
2020 10 01 00 00 57 23773.410   229.599 41840.945  41.81  31.34   144.791  -108.919   195.506    21.303 12.99 2201.8 3404.83869 N 10712.84527 W 12 2 0
2020 10 01 00 00 58 23773.363   229.587 41840.937  41.81  31.34   145.461  -108.483   196.198    21.749 12.98 2201.8 3404.83870 N 10712.84527 W 12 2 0
2020 10 01 00 00 59 23773.377   229.545 41840.937  41.83  31.34   146.148  -107.809   196.909    22.427 12.99 2201.9 3404.83871 N 10712.84527 W 12 2 0
2020 10 01 00 01 00 23773.395   229.514 41840.925  41.85  31.34   146.711  -107.186   197.492    23.057 12.99 2202.0 3404.83872 N 10712.84528 W 12 2 0
2020 10 01 00 01 01 23773.481   229.503 41840.921  41.85  31.34   147.220  -106.499   198.025    23.753 12.99 2202.0 3404.83874 N 10712.84529 W 12 2 0
2020 10 01 00 01 02 23773.570   229.472 41840.878  41.83  31.34   147.618  -105.740   198.447    24.512 12.99 2202.1 3404.83875 N 10712.84529 W 12 2 0
2020 10 01 00 01 03 23773.690   229.447 41840.859  41.82  31.34   147.898  -105.216   198.744    25.039 12.99 2202.2 3404.83875 N 10712.84530 W 12 2 0
2020 10 01 00 01 04 23773.805   229.443 41840.847  41.89  31.34   147.977  -104.837   198.837    25.419 12.99 2202.3 3404.83876 N 10712.84530 W 12 2 0
2020 10 01 00 01 05 23773.941   229.413 41840.831  41.82  31.34   148.004  -104.663   198.870    25.595 12.99 2202.3 3404.83876 N 10712.84529 W 12 2 0
2020 10 01 00 01 06 23774.076   229.393 41840.859  41.84  31.34   147.890  -104.461   198.760    25.793 12.99 2202.4 3404.83876 N 10712.84527 W 12 2 0
2020 10 01 00 01 07 23774.186   229.361 41840.820  41.82  31.34   147.685  -104.482   198.552    25.773 12.98 2202.4 3404.83875 N 10712.84526 W 12 2 0
2020 10 01 00 01 08 23774.309   229.368 41840.870  41.82  31.34   147.335  -104.561   198.200    25.691 12.98 2202.5 3404.83875 N 10712.84524 W 12 2 0
2020 10 01 00 01 09 23774.377   229.342 41840.851  41.84  31.34   146.995  -104.792   197.849    25.456 12.99 2202.6 3404.83875 N 10712.84524 W 12 2 0
2020 10 01 00 01 10 23774.457   229.384 41840.839  41.85  31.34   146.608  -105.117   197.452    25.128 12.99 2202.6 3404.83875 N 10712.84523 W 12 2 0
2020 10 01 00 01 11 23774.506   229.376 41840.902  41.82  31.34   146.316  -105.443   197.149    24.800 12.99 2202.8 3404.83875 N 10712.84522 W 12 2 0
2020 10 01 00 01 12 23774.529   229.352 41840.870  41.83  31.34   146.079  -105.743   196.903    24.496 12.99 2202.8 3404.83875 N 10712.84521 W 12 2 0
2020 10 01 00 01 13 23774.539   229.375 41840.878  41.82  31.33   145.816  -106.099   196.631    24.135 12.99 2202.9 3404.83875 N 10712.84521 W 12 2 0
2020 10 01 00 01 14 23774.537   229.353 41840.874  41.83  31.33   145.593  -106.427   196.401    23.805 12.99 2203.0 3404.83874 N 10712.84520 W 12 2 0
2020 10 01 00 01 15 23774.537   229.374 41840.886  41.82  31.33   145.536  -106.644   196.337    23.588 12.99 2203.1 3404.83873 N 10712.84518 W 12 2 0
2020 10 01 00 01 16 23774.506   229.386 41840.894  41.85  31.33   145.278  -106.907   196.072    23.321 12.99 2203.1 3404.83872 N 10712.84516 W 12 2 0
2020 10 01 00 01 17 23774.486   229.398 41840.874  41.84  31.33   144.931  -107.159   195.714    23.065 12.98 2203.1 3404.83869 N 10712.84513 W 12 2 0
2020 10 01 00 01 18 23774.441   229.452 41840.874  41.82  31.33   144.558  -107.439   195.330    22.782 12.98 2203.1 3404.83868 N 10712.84510 W 12 2 0
2020 10 01 00 01 19 23774.404   229.479 41840.882  41.82  31.33   144.204  -107.695   194.967    22.523 12.98 2203.1 3404.83867 N 10712.84507 W 12 2 0
2020 10 01 00 01 20 23774.356   229.533 41840.898  41.83  31.33   143.936  -107.968   194.690    22.248 12.99 2203.1 3404.83867 N 10712.84504 W 12 2 0
2020 10 01 00 01 21 23774.293   229.568 41840.898  41.82  31.33   143.844  -108.150   194.590    22.064 12.99 2203.1 3404.83866 N 10712.84502 W 12 2 0
2020 10 01 00 01 22 23774.254   229.617 41840.913  41.82  31.33   143.823  -108.280   194.565    21.933 12.99 2203.1 3404.83866 N 10712.84498 W 12 2 0
2020 10 01 00 01 23 23774.205   229.660 41840.913  41.82  31.33   143.994  -108.315   194.734    21.900 12.99 2203.1 3404.83865 N 10712.84495 W 12 2 0
2020 10 01 00 01 24 23774.160   229.678 41840.913  41.82  31.33   144.044  -108.300   194.784    21.917 12.99 2203.0 3404.83862 N 10712.84491 W 12 2 0
2020 10 01 00 01 25 23774.109   229.701 41840.898  41.82  31.33   144.187  -108.394   194.921    21.825 12.99 2203.0 3404.83860 N 10712.84488 W 12 2 0
2020 10 01 00 01 26 23774.035   229.700 41840.905  41.81  31.33   144.371  -108.416   195.107    21.805 12.99 2203.0 3404.83858 N 10712.84485 W 12 2 0
2020 10 01 00 01 27 23773.977   229.701 41840.913  41.79  31.33   144.395  -108.381   195.132    21.840 12.98 2202.9 3404.83857 N 10712.84482 W 12 2 0
2020 10 01 00 01 28 23773.926   229.694 41840.894  41.82  31.33   144.651  -108.364   195.388    21.860 12.98 2202.9 3404.83855 N 10712.84478 W 12 2 0
2020 10 01 00 01 29 23773.910   229.689 41840.917  41.83  31.33   144.815  -108.256   195.556    21.963 12.98 2202.9 3404.83853 N 10712.84474 W 12 2 0
2020 10 01 00 01 30 23773.865   229.673 41840.925  41.81  31.33   145.015  -108.096   195.760    22.118 12.99 2202.9 3404.83852 N 10712.84470 W 12 2 0
2020 10 01 00 01 31 23773.861   229.678 41840.898  41.81  31.33   145.130  -107.984   195.881    22.234 12.99 2202.9 3404.83851 N 10712.84467 W 12 2 0
2020 10 01 00 01 32 23773.844   229.671 41840.913  41.79  31.33   145.283  -107.757   196.043    22.467 12.99 2203.0 3404.83848 N 10712.84465 W 12 2 0
2020 10 01 00 01 33 23773.840   229.631 41840.898  41.83  31.33   145.336  -107.620   196.106    22.604 12.99 2203.0 3404.83847 N 10712.84462 W 12 2 0
2020 10 01 00 01 34 23773.832   229.670 41840.890  41.82  31.33   145.415  -107.449   196.190    22.779 12.99 2203.0 3404.83846 N 10712.84459 W 12 2 0
2020 10 01 00 01 35 23773.828   229.660 41840.870  41.82  31.33   145.528  -107.336   196.308    22.891 12.99 2203.1 3404.83845 N 10712.84457 W 12 2 0
2020 10 01 00 01 36 23773.848   229.657 41840.870  41.79  31.33   145.693  -107.168   196.481    23.060 12.99 2203.1 3404.83844 N 10712.84455 W 12 2 0
2020 10 01 00 01 37 23773.881   229.647 41840.870  41.81  31.33   145.807  -107.055   196.600    23.176 12.98 2203.0 3404.83843 N 10712.84453 W 12 2 0
2020 10 01 00 01 38 23773.898   229.645 41840.862  41.84  31.33   145.918  -106.994   196.714    23.239 12.98 2203.0 3404.83843 N 10712.84451 W 12 2 0
2020 10 01 00 01 39 23773.906   229.612 41840.866  41.82  31.33   146.003  -106.935   196.806    23.296 12.99 2203.0 3404.83844 N 10712.84449 W 12 2 0
2020 10 01 00 01 40 23773.910   229.615 41840.882  41.78  31.33   145.990  -107.017   196.788    23.216 12.99 2203.0 3404.83843 N 10712.84447 W 12 2 0
2020 10 01 00 01 41 23773.922   229.598 41840.882  41.82  31.33   146.037  -107.008   196.839    23.228 12.99 2203.0 3404.83842 N 10712.84444 W 12 2 0
2020 10 01 00 01 42 23773.934   229.577 41840.874  41.84  31.33   145.959  -107.035   196.763    23.202 12.99 2203.0 3404.83842 N 10712.84442 W 12 2 0
2020 10 01 00 01 43 23773.918   229.571 41840.878  41.83  31.33   145.825  -107.098   196.628    23.138 12.99 2202.9 3404.83841 N 10712.84440 W 12 2 0
2020 10 01 00 01 44 23773.926   229.591 41840.886  41.81  31.33   145.695  -107.104   196.498    23.131 12.99 2202.8 3404.83840 N 10712.84439 W 12 2 0
2020 10 01 00 01 45 23773.928   229.602 41840.898  41.80  31.33   145.593  -107.095   196.398    23.139 12.99 2202.7 3404.83839 N 10712.84437 W 12 2 0
2020 10 01 00 01 46 23773.955   229.611 41840.894  41.81  31.33   145.536  -107.111   196.340    23.124 12.99 2202.6 3404.83839 N 10712.84436 W 12 2 0
2020 10 01 00 01 47 23773.975   229.625 41840.890  41.79  31.33   145.473  -107.086   196.278    23.145 12.98 2202.5 3404.83839 N 10712.84435 W 12 2 0
2020 10 01 00 01 48 23773.959   229.652 41840.902  41.80  31.33   145.443  -107.035   196.250    23.198 12.98 2202.4 3404.83839 N 10712.84434 W 12 2 0
2020 10 01 00 01 49 23773.975   229.679 41840.882  41.81  31.33   145.455  -106.955   196.267    23.276 12.99 2202.3 3404.83839 N 10712.84433 W 12 2 0
2020 10 01 00 01 50 23774.025   229.691 41840.886  41.80  31.32   145.551  -106.698   196.369    23.536 12.99 2202.2 3404.83839 N 10712.84433 W 12 2 0
2020 10 01 00 01 51 23774.029   229.682 41840.878  41.82  31.32   145.411  -106.898   196.225    23.337 12.99 2202.1 3404.83838 N 10712.84431 W 12 2 0
2020 10 01 00 01 52 23774.041   229.698 41840.870  41.78  31.32   145.381  -107.035   196.192    23.199 12.99 2202.1 3404.83837 N 10712.84430 W 12 2 0
2020 10 01 00 01 53 23774.031   229.704 41840.874  41.84  31.32   145.454  -107.014   196.268    23.220 12.99 2202.0 3404.83837 N 10712.84429 W 12 2 0
2020 10 01 00 01 54 23774.018   229.694 41840.866  41.82  31.32   145.381  -107.172   196.192    23.062 12.99 2201.9 3404.83838 N 10712.84427 W 12 2 0
2020 10 01 00 01 55 23774.033   229.708 41840.886  41.81  31.32   145.263  -107.422   196.066    22.811 12.99 2201.8 3404.83837 N 10712.84425 W 12 2 0
2020 10 01 00 01 56 23774.000   229.720 41840.882  41.81  31.32   145.203  -107.696   195.999    22.537 12.99 2201.7 3404.83837 N 10712.84423 W 12 2 0
2020 10 01 00 01 57 23773.936   229.703 41840.909  41.79  31.32   145.141  -107.950   195.930    22.278 12.98 2201.7 3404.83837 N 10712.84421 W 12 2 0
2020 10 01 00 01 58 23773.887   229.688 41840.917  41.83  31.32   145.125  -108.207   195.907    22.023 12.99 2201.6 3404.83836 N 10712.84419 W 12 2 0
2020 10 01 00 01 59 23773.824   229.677 41840.909  41.82  31.32   145.143  -108.399   195.921    21.829 12.99 2201.5 3404.83833 N 10712.84418 W 12 2 0