2020 10 02 00 00 00 23754.420   240.072 41842.335  35.02  26.10   140.298   -57.903   210.920    16.131 12.89 2200.5 3404.83895 N 10712.84456 W 12 2 0
2020 10 02 00 00 01 23754.451   240.091 41842.331  35.01  26.10   140.318   -57.858   210.941    16.179 12.89 2200.5 3404.83895 N 10712.84454 W 12 2 0
2020 10 02 00 00 02 23754.477   240.096 41842.335  35.00  26.10   140.307   -57.887   210.927    16.148 12.89 2200.5 3404.83895 N 10712.84453 W 12 2 0
2020 10 02 00 00 03 23754.496   240.069 41842.320  35.02  26.10   140.244   -57.949   210.866    16.115 12.89 2200.5 3404.83896 N 10712.84450 W 12 2 0
2020 10 02 00 00 04 23754.508   240.089 41842.331  34.99  26.10   140.270   -58.035   210.890    16.064 12.89 2200.6 3404.83897 N 10712.84448 W 12 2 0
2020 10 02 00 00 05 23754.510   240.079 41842.347  35.02  26.10   140.211   -58.057   210.825    16.040 12.88 2200.7 3404.83898 N 10712.84446 W 12 2 0
2020 10 02 00 00 06 23754.508   240.089 41842.347  35.05  26.10   140.169   -58.118   210.783    15.984 12.88 2200.8 3404.83899 N 10712.84445 W 12 2 0
2020 10 02 00 00 07 23754.514   240.054 41842.351  35.03  26.10   140.110   -58.198   210.723    15.899 12.88 2200.8 3404.83899 N 10712.84443 W 12 2 0
2020 10 02 00 00 08 23754.537   240.056 41842.355  34.98  26.10   140.085   -58.250   210.694    15.860 12.88 2200.8 3404.83898 N 10712.84443 W 12 2 0
2020 10 02 00 00 09 23754.537   240.074 41842.351  35.01  26.10   140.070   -58.286   210.675    15.823 12.89 2200.8 3404.83897 N 10712.84440 W 12 2 0
2020 10 02 00 00 10 23754.535   240.098 41842.362  35.01  26.10   140.088   -58.305   210.694    15.780 12.89 2200.9 3404.83898 N 10712.84436 W 12 2 0
2020 10 02 00 00 11 23754.539   240.096 41842.351  35.01  26.10   140.093   -58.310   210.698    15.796 12.89 2200.9 3404.83898 N 10712.84435 W 12 2 0
2020 10 02 00 00 12 23754.541   240.087 41842.370  35.00  26.10   140.099   -58.339   210.704    15.779 12.89 2201.0 3404.83898 N 10712.84436 W 12 2 0
2020 10 02 00 00 13 23754.561   240.064 41842.355  35.01  26.10   140.099   -58.310   210.708    15.804 12.89 2201.1 3404.83899 N 10712.84435 W 12 2 0
2020 10 02 00 00 14 23754.523   240.082 41842.351  35.01  26.10   140.158   -58.341   210.763    15.769 12.89 2201.1 3404.83899 N 10712.84434 W 12 2 0
2020 10 02 00 00 15 23754.537   240.099 41842.339  35.01  26.10   140.158   -58.356   210.765    15.753 12.88 2201.2 3404.83900 N 10712.84435 W 12 2 0
2020 10 02 00 00 16 23754.541   240.085 41842.347  35.03  26.10   140.206   -58.326   210.817    15.776 12.88 2201.2 3404.83898 N 10712.84435 W 12 2 0
2020 10 02 00 00 17 23754.551   240.085 41842.355  35.01  26.10   140.238   -58.299   210.851    15.815 12.88 2201.2 3404.83898 N 10712.84436 W 12 2 0
2020 10 02 00 00 18 23754.553   240.069 41842.351  35.01  26.10   140.336   -58.241   210.953    15.860 12.88 2201.3 3404.83897 N 10712.84437 W 12 2 0
2020 10 02 00 00 19 23754.578   240.061 41842.359  35.00  26.10   140.434   -58.166   211.052    15.931 12.89 2201.3 3404.83895 N 10712.84439 W 12 2 0
2020 10 02 00 00 20 23754.574   240.080 41842.351  35.04  26.10   140.525   -58.108   211.149    16.002 12.89 2201.4 3404.83894 N 10712.84442 W 12 2 0
2020 10 02 00 00 21 23754.621   240.066 41842.347  35.01  26.10   140.674   -58.032   211.303    16.102 12.89 2201.4 3404.83893 N 10712.84443 W 12 2 0
2020 10 02 00 00 22 23754.621   240.065 41842.359  35.00  26.10   140.779   -57.873   211.415    16.233 12.89 2201.4 3404.83892 N 10712.84445 W 12 2 0
2020 10 02 00 00 23 23754.650   240.038 41842.347  35.03  26.10   140.948   -57.757   211.593    16.372 12.89 2201.5 3404.83891 N 10712.84446 W 12 2 0
2020 10 02 00 00 24 23754.690   240.024 41842.343  35.01  26.10   141.083   -57.592   211.732    16.544 12.89 2201.5 3404.83890 N 10712.84448 W 12 2 0
2020 10 02 00 00 25 23754.729   239.989 41842.339  35.02  26.10   141.133   -57.519   211.784    16.609 12.88 2201.5 3404.83889 N 10712.84449 W 12 2 0
2020 10 02 00 00 26 23754.758   239.988 41842.351  35.01  26.10   141.190   -57.441   211.842    16.674 12.88 2201.5 3404.83889 N 10712.84449 W 12 2 0
2020 10 02 00 00 27 23754.781   239.990 41842.335  35.02  26.10   141.214   -57.372   211.869    16.757 12.88 2201.5 3404.83889 N 10712.84448 W 12 2 0
2020 10 02 00 00 28 23754.832   239.982 41842.323  35.01  26.10   141.205   -57.345   211.859    16.782 12.88 2201.5 3404.83889 N 10712.84448 W 12 2 0
2020 10 02 00 00 29 23754.856   239.991 41842.347  35.01  26.10   141.140   -57.342   211.790    16.786 12.89 2201.6 3404.83889 N 10712.84449 W 12 2 0
2020 10 02 00 00 30 23754.900   239.964 41842.347  35.05  26.10   141.084   -57.394   211.730    16.733 12.89 2201.6 3404.83888 N 10712.84450 W 12 2 0
2020 10 02 00 00 31 23754.926   239.968 41842.347  35.01  26.10   140.978   -57.433   211.618    16.678 12.89 2201.6 3404.83888 N 10712.84450 W 12 2 0
2020 10 02 00 00 32 23754.957   239.977 41842.331  35.01  26.10   140.866   -57.529   211.500    16.616 12.89 2201.7 3404.83887 N 10712.84453 W 12 2 0
2020 10 02 00 00 33 23754.977   239.973 41842.343  35.01  26.10   140.754   -57.602   211.376    16.519 12.89 2201.7 3404.83886 N 10712.84454 W 12 2 0
2020 10 02 00 00 34 23754.996   239.987 41842.339  35.01  26.10   140.661   -57.689   211.277    16.455 12.89 2201.8 3404.83885 N 10712.84455 W 12 2 0
2020 10 02 00 00 35 23755.002   239.984 41842.351  35.01  26.10   140.584   -57.793   211.191    16.338 12.88 2201.8 3404.83884 N 10712.84456 W 12 2 0
2020 10 02 00 00 36 23754.998   239.992 41842.327  35.00  26.10   140.442   -57.899   211.037    16.213 12.88 2201.9 3404.83883 N 10712.84458 W 12 2 0
2020 10 02 00 00 37 23755.029   239.998 41842.351  35.01  26.10   140.344   -57.950   210.930    16.103 12.88 2201.9 3404.83882 N 10712.84459 W 12 2 0
2020 10 02 00 00 38 23755.010   239.997 41842.355  35.01  26.10   140.242   -57.969   210.820    16.063 12.89 2202.0 3404.83882 N 10712.84459 W 12 2 0
2020 10 02 00 00 39 23755.006   240.010 41842.351  35.01  26.10   140.204   -58.046   210.774    15.977 12.89 2202.0 3404.83882 N 10712.84459 W 12 2 0
2020 10 02 00 00 40 23755.008   240.008 41842.355  35.00  26.10   140.159   -58.107   210.722    15.916 12.89 2202.1 3404.83882 N 10712.84459 W 12 2 0
2020 10 02 00 00 41 23755.004   240.022 41842.366  35.01  26.10   140.105   -58.195   210.658    15.817 12.89 2202.1 3404.83883 N 10712.84459 W 12 2 0
2020 10 02 00 00 42 23754.992   240.012 41842.402  35.01  26.10   140.068   -58.253   210.619    15.790 12.89 2202.2 3404.83883 N 10712.84459 W 12 2 0
2020 10 02 00 00 43 23754.977   240.007 41842.390  34.98  26.10   140.082   -58.271   210.630    15.746 12.89 2202.2 3404.83882 N 10712.84458 W 12 2 0
2020 10 02 00 00 44 23754.990   240.003 41842.366  35.01  26.10   140.153   -58.312   210.697    15.716 12.89 2202.2 3404.83882 N 10712.84458 W 12 2 0
2020 10 02 00 00 45 23754.957   240.002 41842.362  35.02  26.10   140.239   -58.263   210.785    15.774 12.88 2202.3 3404.83882 N 10712.84457 W 12 2 0
2020 10 02 00 00 46 23754.953   240.009 41842.378  35.00  26.10   140.342   -58.252   210.887    15.793 12.88 2202.3 3404.83881 N 10712.84458 W 12 2 0
2020 10 02 00 00 47 23754.959   239.979 41842.370  34.98  26.10   140.441   -58.224   210.985    15.820 12.89 2202.4 3404.83881 N 10712.84457 W 12 2 0
2020 10 02 00 00 48 23754.963   239.967 41842.366  35.02  26.10   140.554   -58.129   211.102    15.902 12.89 2202.4 3404.83881 N 10712.84456 W 12 2 0
2020 10 02 00 00 49 23754.971   239.977 41842.378  35.00  26.10   140.654   -58.103   211.203    15.945 12.89 2202.4 3404.83881 N 10712.84455 W 12 2 0
2020 10 02 00 00 50 23754.967   239.946 41842.355  35.02  26.10   140.761   -58.023   211.315    16.016 12.89 2202.4 3404.83881 N 10712.84455 W 12 2 0
2020 10 02 00 00 51 23754.982   239.949 41842.359  35.01  26.10   140.859   -57.969   211.417    16.067 12.89 2202.4 3404.83882 N 10712.84455 W 12 2 0
2020 10 02 00 00 52 23754.963   239.926 41842.351  34.99  26.10   140.931   -57.893   211.491    16.151 12.89 2202.4 3404.83883 N 10712.84454 W 12 2 0
2020 10 02 00 00 53 23754.996   239.895 41842.362  35.01  26.10   141.031   -57.810   211.596    16.244 12.89 2202.5 3404.83885 N 10712.84456 W 12 2 0
2020 10 02 00 00 54 23754.998   239.879 41842.347  35.01  26.10   141.105   -57.700   211.674    16.370 12.89 2202.5 3404.83886 N 10712.84456 W 12 2 0
2020 10 02 00 00 55 23755.039   239.867 41842.382  34.99  26.10   141.068   -57.707   211.637    16.394 12.88 2202.5 3404.83888 N 10712.84455 W 12 2 0
2020 10 02 00 00 56 23755.041   239.873 41842.331  35.01  26.10   141.083   -57.594   211.657    16.478 12.88 2202.5 3404.83889 N 10712.84456 W 12 2 0
2020 10 02 00 00 57 23755.090   239.865 41842.351  35.00  26.10   141.061   -57.518   211.637    16.533 12.89 2202.5 3404.83890 N 10712.84456 W 12 2 0
2020 10 02 00 00 58 23755.117   239.839 41842.351  35.01  26.10   140.943   -57.549   211.517    16.495 12.89 2202.5 3404.83891 N 10712.84455 W 12 2 0
2020 10 02 00 00 59 23755.131   239.861 41842.362  35.01  26.10   140.857   -57.540   211.432    16.506 12.89 2202.4 3404.83892 N 10712.84455 W 12 2 0
2020 10 02 00 01 00 23755.139   239.831 41842.394  35.01  26.10   140.819   -57.613   211.395    16.451 12.89 2202.4 3404.83893 N 10712.84454 W 12 2 0
2020 10 02 00 01 01 23755.168   239.851 41842.402  34.99  26.10   140.696   -57.634   211.270    16.415 12.89 2202.3 3404.83894 N 10712.84453 W 12 2 0
2020 10 02 00 01 02 23755.182   239.820 41842.378  34.98  26.10   140.593   -57.683   211.165    16.341 12.89 2202.3 3404.83895 N 10712.84452 W 12 2 0
2020 10 02 00 01 03 23755.188   239.833 41842.370  35.02  26.10   140.566   -57.777   211.136    16.261 12.89 2202.3 3404.83895 N 10712.84452 W 12 2 0
2020 10 02 00 01 04 23755.172   239.850 41842.374  35.01  26.10   140.435   -57.858   211.005    16.182 12.89 2202.3 3404.83896 N 10712.84451 W 12 2 0
2020 10 02 00 01 05 23755.186   239.847 41842.386  35.00  26.10   140.391   -57.929   210.960    16.124 12.88 2202.3 3404.83897 N 10712.84450 W 12 2 0
2020 10 02 00 01 06 23755.180   239.846 41842.366  35.04  26.11   140.282   -58.008   210.849    16.025 12.88 2202.3 3404.83896 N 10712.84450 W 12 2 0
2020 10 02 00 01 07 23755.168   239.877 41842.386  34.99  26.11   140.230   -58.081   210.797    15.947 12.89 2202.3 3404.83896 N 10712.84449 W 12 2 0
2020 10 02 00 01 08 23755.160   239.868 41842.417  34.99  26.11   140.192   -58.136   210.758    15.898 12.89 2202.4 3404.83896 N 10712.84449 W 12 2 0
2020 10 02 00 01 09 23755.158   239.844 41842.402  34.99  26.11   140.147   -58.154   210.712    15.870 12.89 2202.4 3404.83895 N 10712.84450 W 12 2 0
2020 10 02 00 01 10 23755.150   239.869 41842.425  35.01  26.11   140.125   -58.243   210.694    15.828 12.89 2202.4 3404.83894 N 10712.84449 W 12 2 0
2020 10 02 00 01 11 23755.143   239.872 41842.398  34.99  26.11   140.163   -58.207   210.732    15.836 12.89 2202.5 3404.83892 N 10712.84450 W 12 2 0
2020 10 02 00 01 12 23755.133   239.874 41842.398  35.01  26.11   140.190   -58.165   210.764    15.860 12.89 2202.5 3404.83891 N 10712.84450 W 12 2 0
2020 10 02 00 01 13 23755.170   239.887 41842.398  35.01  26.11   140.222   -58.100   210.799    15.924 12.89 2202.6 3404.83890 N 10712.84450 W 12 2 0
2020 10 02 00 01 14 23755.158   239.891 41842.366  35.01  26.11   140.252   -58.074   210.834    15.944 12.89 2202.7 3404.83888 N 10712.84449 W 12 2 0
2020 10 02 00 01 15 23755.158   239.896 41842.366  35.01  26.11   140.261   -58.055   210.843    15.984 12.88 2202.7 3404.83887 N 10712.84447 W 12 2 0
2020 10 02 00 01 16 23755.152   239.911 41842.386  35.01  26.11   140.251   -58.046   210.835    15.999 12.88 2202.8 3404.83884 N 10712.84448 W 12 2 0
2020 10 02 00 01 17 23755.166   239.906 41842.378  34.98  26.11   140.256   -58.008   210.844    16.067 12.89 2202.9 3404.83882 N 10712.84448 W 12 2 0
2020 10 02 00 01 18 23755.197   239.912 41842.347  35.00  26.11   140.344   -57.908   210.940    16.189 12.89 2202.9 3404.83880 N 10712.84449 W 12 2 0
2020 10 02 00 01 19 23755.203   239.903 41842.374  34.99  26.11   140.359   -57.811   210.958    16.255 12.89 2202.9 3404.83880 N 10712.84448 W 12 2 0
2020 10 02 00 01 20 23755.232   239.914 41842.398  34.95  26.11   140.412   -57.714   211.018    16.331 12.89 2202.9 3404.83879 N 10712.84446 W 12 2 0
2020 10 02 00 01 21 23755.258   239.921 41842.390  34.97  26.11   140.462   -57.630   211.070    16.423 12.89 2202.8 3404.83879 N 10712.84442 W 12 2 0
2020 10 02 00 01 22 23755.277   239.932 41842.366  35.00  26.11   140.389   -57.587   211.002    16.458 12.89 2202.9 3404.83878 N 10712.84441 W 12 2 0
2020 10 02 00 01 23 23755.299   239.932 41842.370  35.01  26.11   140.358   -57.605   210.975    16.457 12.89 2202.9 3404.83876 N 10712.84440 W 12 2 0
2020 10 02 00 01 24 23755.307   239.931 41842.359  34.98  26.11   140.303   -57.615   210.920    16.453 12.89 2202.9 3404.83875 N 10712.84441 W 12 2 0
2020 10 02 00 01 25 23755.336   239.943 41842.382  34.95  26.11   140.198   -57.606   210.819    16.451 12.88 2202.9 3404.83874 N 10712.84441 W 12 2 0
2020 10 02 00 01 26 23755.371   239.958 41842.386  34.98  26.11   140.083   -57.641   210.707    16.406 12.88 2203.0 3404.83874 N 10712.84440 W 12 2 0
2020 10 02 00 01 27 23755.371   239.973 41842.366  35.00  26.11   139.950   -57.749   210.573    16.306 12.89 2203.0 3404.83873 N 10712.84442 W 12 2 0
2020 10 02 00 01 28 23755.381   240.005 41842.359  34.99  26.11   139.875   -57.798   210.497    16.257 12.89 2203.0 3404.83873 N 10712.84443 W 12 2 0
2020 10 02 00 01 29 23755.402   240.027 41842.370  34.98  26.11   139.774   -57.839   210.397    16.223 12.89 2203.0 3404.83872 N 10712.84443 W 12 2 0
2020 10 02 00 01 30 23755.393   240.057 41842.386  35.00  26.11   139.677   -57.911   210.299    16.153 12.89 2203.0 3404.83871 N 10712.84444 W 12 2 0
2020 10 02 00 01 31 23755.410   240.048 41842.366  34.98  26.11   139.572   -58.000   210.195    16.071 12.89 2203.1 3404.83870 N 10712.84446 W 12 2 0
2020 10 02 00 01 32 23755.395   240.069 41842.366  35.01  26.11   139.541   -58.090   210.165    16.029 12.89 2203.1 3404.83869 N 10712.84448 W 12 2 0
2020 10 02 00 01 33 23755.391   240.096 41842.382  35.00  26.11   139.443   -58.168   210.066    15.957 12.89 2203.1 3404.83867 N 10712.84449 W 12 2 0
2020 10 02 00 01 34 23755.391   240.115 41842.390  35.00  26.11   139.425   -58.203   210.052    15.913 12.88 2203.1 3404.83867 N 10712.84449 W 12 2 0
2020 10 02 00 01 35 23755.398   240.147 41842.386  34.99  26.11   139.394   -58.216   210.023    15.903 12.88 2203.2 3404.83866 N 10712.84450 W 12 2 0
2020 10 02 00 01 36 23755.406   240.158 41842.409  35.01  26.11   139.354   -58.262   209.981    15.863 12.88 2203.2 3404.83867 N 10712.84449 W 12 2 0
2020 10 02 00 01 37 23755.359   240.198 41842.402  35.01  26.11   139.349   -58.311   209.979    15.802 12.89 2203.2 3404.83867 N 10712.84449 W 12 2 0
2020 10 02 00 01 38 23755.381   240.219 41842.405  34.96  26.11   139.420   -58.276   210.055    15.833 12.89 2203.2 3404.83868 N 10712.84449 W 12 2 0
2020 10 02 00 01 39 23755.379   240.211 41842.417  34.97  26.11   139.356   -58.293   209.994    15.813 12.89 2203.3 3404.83869 N 10712.84449 W 12 2 0
2020 10 02 00 01 40 23755.379   240.220 41842.417  35.00  26.11   139.324   -58.289   209.964    15.815 12.89 2203.3 3404.83871 N 10712.84449 W 12 2 0
2020 10 02 00 01 41 23755.361   240.255 41842.386  34.99  26.11   139.299   -58.314   209.940    15.807 12.89 2203.4 3404.83872 N 10712.84449 W 12 2 0
2020 10 02 00 01 42 23755.352   240.272 41842.402  35.00  26.11   139.323   -58.306   209.967    15.810 12.89 2203.4 3404.83872 N 10712.84449 W 12 2 0
2020 10 02 00 01 43 23755.363   240.294 41842.394  34.97  26.11   139.317   -58.291   209.963    15.814 12.89 2203.5 3404.83873 N 10712.84450 W 12 2 0
2020 10 02 00 01 44 23755.357   240.329 41842.402  34.99  26.11   139.314   -58.362   209.957    15.749 12.88 2203.5 3404.83874 N 10712.84452 W 12 2 0
2020 10 02 00 01 45 23755.340   240.335 41842.405  34.97  26.11   139.371   -58.321   210.018    15.743 12.88 2203.5 3404.83875 N 10712.84452 W 12 2 0
2020 10 02 00 01 46 23755.332   240.348 41842.405  34.98  26.11   139.402   -58.310   210.050    15.757 12.88 2203.6 3404.83876 N 10712.84452 W 12 2 0
2020 10 02 00 01 47 23755.334   240.342 41842.386  34.97  26.11   139.422   -58.315   210.075    15.764 12.89 2203.6 3404.83876 N 10712.84452 W 12 2 0
2020 10 02 00 01 48 23755.336   240.379 41842.390  34.98  26.11   139.466   -58.274   210.123    15.796 12.89 2203.7 3404.83875 N 10712.84453 W 12 2 0
2020 10 02 00 01 49 23755.334   240.387 41842.394  34.98  26.11   139.526   -58.244   210.185    15.842 12.89 2203.7 3404.83874 N 10712.84454 W 12 2 0
2020 10 02 00 01 50 23755.350   240.402 41842.402  34.96  26.11   139.554   -58.206   210.214    15.882 12.89 2203.8 3404.83875 N 10712.84455 W 12 2 0
2020 10 02 00 01 51 23755.340   240.425 41842.394  34.97  26.11   139.570   -58.195   210.236    15.889 12.89 2203.8 3404.83876 N 10712.84456 W 12 2 0
2020 10 02 00 01 52 23755.326   240.434 41842.359  34.94  26.11   139.580   -58.163   210.250    15.934 12.89 2203.9 3404.83877 N 10712.84457 W 12 2 0
2020 10 02 00 01 53 23755.322   240.429 41842.382  35.00  26.11   139.572   -58.105   210.244    15.997 12.89 2203.9 3404.83878 N 10712.84458 W 12 2 0
2020 10 02 00 01 54 23755.354   240.463 41842.355  34.96  26.11   139.565   -58.048   210.240    16.034 12.88 2203.9 3404.83880 N 10712.84460 W 12 2 0
2020 10 02 00 01 55 23755.367   240.477 41842.362  35.01  26.11   139.602   -57.997   210.282    16.084 12.88 2203.9 3404.83881 N 10712.84462 W 12 2 0
2020 10 02 00 01 56 23755.387   240.475 41842.359  34.98  26.11   139.683   -57.904   210.369    16.193 12.88 2204.0 3404.83883 N 10712.84466 W 12 2 0
2020 10 02 00 01 57 23755.418   240.498 41842.370  34.99  26.11   139.653   -57.915   210.342    16.186 12.89 2204.0 3404.83885 N 10712.84470 W 12 2 0
2020 10 02 00 01 58 23755.426   240.531 41842.355  34.98  26.11   139.724   -57.859   210.417    16.226 12.89 2204.1 3404.83886 N 10712.84474 W 12 2 0
2020 10 02 00 01 59 23755.471   240.541 41842.374  34.96  26.11   139.680   -57.846   210.376    16.237 12.89 2204.2 3404.83887 N 10712.84478 W 12 2 0
